IDW_WQI.tif
NCOLS 26
NROWS 43
XLLCORNER 106.1415
YLLCORNER 8.6059418
DX 0.099621406
DY 0.097825605
NODATA_VALUE -9999
87.406737 87.506575 87.613634 87.727469 87.847686 87.974073 88.106694 88.245917 88.39231 88.546395 88.708306 88.877417 89.05204 89.229284 89.40517 89.575107 89.734764 89.881148 90.013371 90.132414 90.239672 90.334934 90.415198 90.475284 90.509938 90.516041 
87.356323 87.462095 87.575819 87.696772 87.824263 87.957859 88.097594 88.244076 88.39839 88.561761 88.735017 88.918008 89.109108 89.304925 89.500328 89.68899 89.864684 90.023248 90.16433 90.291349 90.408744 90.517688 90.613389 90.68644 90.727353 90.730926 
87.30068 87.413439 87.535108 87.664525 87.800469 87.942033 88.089036 88.24231 88.403662 88.575393 88.759465 88.956567 89.165361 89.382007 89.599994 89.810546 90.004299 90.17472 90.322039 90.454277 90.582268 90.710412 90.830427 90.924433 90.975155 90.974541 
87.239075 87.360277 87.491785 87.631786 87.778166 87.929089 88.08376 88.243098 88.409887 88.588102 88.781514 88.992164 89.219276 89.458707 89.702556 89.93897 90.153622 90.335081 90.483361 90.614605 90.752805 90.90969 91.069771 91.197779 91.26239 91.252919 
87.170326 87.30191 87.446 87.599907 87.760096 87.923006 88.086409 88.25088 88.420493 88.601889 88.801799 89.024293 89.269251 89.532255 89.804434 90.071009 90.310737 90.502642 90.643219 90.761554 90.907909 91.110355 91.338064 91.519704 91.60011 91.570376 
87.092508 87.236883 87.39737 87.570276 87.749965 87.929836 88.10458 88.273286 88.441599 88.620656 88.822351 89.053761 89.314746 89.599646 89.899267 90.198093 90.467876 90.671544 90.793568 90.880025 91.029984 91.306398 91.646248 91.905627 91.994581 91.921714 
87.002534 87.162345 87.344175 87.54356 87.752136 87.958257 88.150338 88.323097 88.483587 88.650976 88.84711 89.084019 89.35902 89.660983 89.979525 90.303499 90.603752 90.823181 90.920078 90.955134 91.103343 91.492057 91.998943 92.351493 92.424108 92.275764 
86.895678 87.073136 87.281934 87.517973 87.770211 88.019477 88.242058 88.421301 88.56346 88.702529 88.88143 89.12223 89.413888 89.72815 90.046414 90.367867 90.679055 90.91319 90.994223 90.984389 91.135006 91.65183 92.340658 92.770087 92.797011 92.557304 
86.765216 86.960717 87.201232 87.485823 87.802981 88.124473 88.405139 88.600976 88.708041 88.78736 88.928789 89.178142 89.505392 89.839889 90.13433 90.399452 90.663787 90.886035 90.974926 90.976253 91.151122 91.726617 92.491744 92.950775 92.949216 92.660604 
86.60257 86.812475 87.085176 87.427861 87.835124 88.273207 88.665004 88.906927 88.954752 88.915222 88.982236 89.258002 89.67674 90.077674 90.340964 90.482458 90.607653 90.75353 90.851824 90.913364 91.120953 91.638618 92.311526 92.744473 92.772066 92.51984 
86.398568 86.61259 86.908276 87.306934 87.820947 88.425749 89.011366 89.365136 89.328599 89.073984 89.007954 89.350378 89.980032 90.565055 90.823598 90.767457 90.642034 90.617365 90.670459 90.766821 90.980926 91.389575 91.896584 92.257808 92.331479 92.16741 
86.146342 86.34612 86.640698 87.068113 87.669365 88.452568 89.297697 89.84738 89.721959 89.163901 88.919244 89.394103 90.421823 91.394993 91.68895 91.322549 90.823757 90.538812 90.472826 90.542261 90.728792 91.037084 91.400064 91.67983 91.777713 91.698054 
85.845635 86.007159 86.262304 86.659158 87.263482 88.123257 89.135643 89.841471 89.666465 88.898061 88.546445 89.203397 90.77051 92.329906 92.666022 91.887728 90.986808 90.447403 90.248238 90.259375 90.401859 90.633904 90.89835 91.113893 91.217369 91.197318 
85.506577 85.6084 85.784811 86.077698 86.554032 87.276821 88.161465 88.77694 88.620596 87.944381 87.642007 88.395201 90.321318 92.363121 92.786577 91.839893 90.814697 90.199737 89.948476 89.924712 90.032915 90.214429 90.41848 90.592386 90.695474 90.71392 
85.149383 85.184453 85.267016 85.416952 85.674699 86.095915 86.63742 87.00362 86.866608 86.338873 86.001482 86.555963 88.353905 90.476381 91.251477 90.797132 90.140598 89.716036 89.541512 89.539629 89.641601 89.798251 89.969776 90.120639 90.22405 90.268101 
84.796884 84.779494 84.799324 84.854976 84.936874 85.057969 85.239847 85.351619 85.136072 84.49526 83.740269 83.730998 85.20832 87.395466 88.784453 89.173434 89.139357 89.060329 89.051933 89.120622 89.244441 89.397848 89.556216 89.697087 89.803183 89.86557 
84.461502 84.417143 84.441969 84.550103 84.669326 84.603453 84.354195 84.138647 83.810139 82.973411 81.619329 80.96952 82.399719 84.855109 86.717775 87.706382 88.162798 88.392936 88.55318 88.704315 88.862372 89.024662 89.181088 89.319622 89.429989 89.506193 
84.136569 84.07066 84.134521 84.422542 84.863445 84.74136 83.771047 83.108338 82.857128 82.224583 80.843237 80.031096 81.432541 83.83547 85.705164 86.837786 87.482562 87.866542 88.126977 88.334115 88.518666 88.690231 88.848001 88.986909 89.101434 89.187907 
83.805987 83.676622 83.684427 83.968363 84.49979 84.107205 82.304841 81.584402 81.930961 82.114563 81.594485 81.296251 82.464076 84.333908 85.769731 86.65507 87.199755 87.561004 87.826294 88.042152 88.231536 88.403588 88.559753 88.697838 88.814726 88.908094 
83.471718 83.212847 82.982212 82.771088 82.275946 80.496598 78.556049 79.056855 80.715974 82.083009 82.783554 83.439913 84.68295 85.964165 86.688541 87.041258 87.272725 87.472611 87.660054 87.838356 88.00804 88.168212 88.316679 88.450527 88.566932 88.663872 
83.171097 82.758248 82.225029 81.393002 79.778512 76.979799 75.255101 76.825246 79.640104 82.046232 83.852212 85.562205 87.275147 88.133392 88.035392 87.726454 87.554733 87.530808 87.597424 87.710071 87.842754 87.9809 88.11578 88.241652 88.354585 88.452067 
82.959276 82.438165 81.724187 80.641623 78.930622 76.726199 75.565441 76.861169 79.569961 82.304955 84.753141 87.140242 89.138606 89.710726 89.078298 88.315406 87.84131 87.630982 87.585252 87.630137 87.721211 87.833103 87.951132 88.066459 88.1736 88.269209 
82.874749 82.324932 81.599778 80.61355 79.331612 78.026841 77.495233 78.405993 80.441409 82.863206 85.310567 87.666359 89.430289 89.878463 89.284135 88.511356 87.969732 87.682273 87.572119 87.569048 87.625975 87.713902 87.815275 87.919361 88.019517 88.11167 
82.92273 82.410856 81.781276 81.021087 80.188798 79.509138 79.376709 80.089108 81.559526 83.450221 85.46584 87.346937 88.684979 89.122976 88.837517 88.326022 87.903257 87.645622 87.527689 87.505449 87.542427 87.613159 87.70089 87.794796 87.887928 87.975889 
83.082894 82.644604 82.145589 81.607589 81.10434 80.786791 80.854067 81.441019 82.516219 83.910415 85.410938 86.784996 87.77312 88.211786 88.18877 87.952939 87.705785 87.533355 87.447126 87.430431 87.461946 87.523626 87.602096 87.687983 87.774904 87.858621 
83.325519 82.970283 82.595258 82.231671 81.941449 81.81915 81.96791 82.44936 83.24304 84.250665 85.32915 86.316159 87.058691 87.474514 87.601013 87.557647 87.461347 87.381191 87.342319 87.345465 87.381989 87.441542 87.515032 87.595352 87.677276 87.757118 
83.62331 83.345659 83.072484 82.833052 82.672867 82.649699 82.818001 83.205184 83.793811 84.521612 85.295993 86.013352 86.583338 86.958729 87.152247 87.220496 87.228309 87.223238 87.230191 87.257428 87.304185 87.366033 87.437751 87.514599 87.592726 87.669211 
83.956376 83.744985 83.549811 83.394463 83.310464 83.332874 83.490858 83.795851 84.2333 84.762595 85.324863 85.855558 86.299873 86.627737 86.840675 86.964852 87.035286 87.082194 87.125246 87.174197 87.232024 87.297981 87.369715 87.444474 87.519705 87.593283 
84.312674 84.155717 84.018532 83.918733 83.877521 83.91627 84.050935 84.285914 84.610082 84.997014 85.409544 85.807418 86.156338 86.435881 86.642915 86.788683 86.891539 86.969717 87.037095 87.102201 87.169121 87.238965 87.311177 87.384443 87.45725 87.52818 
84.686484 84.574197 84.480262 84.417072 84.398599 84.438064 84.544646 84.720159 84.95703 85.238532 85.54144 85.840525 86.113758 86.346747 86.534769 86.681691 86.796597 86.889943 86.970802 87.045641 87.118292 87.190509 87.262668 87.334351 87.40478 87.47308 
85.076369 85.002008 84.941678 84.903427 84.89617 84.928274 85.005629 85.129724 85.296407 85.495896 85.714182 85.935583 86.145768 86.334401 86.496544 86.632438 86.745979 86.842714 86.928129 87.006642 87.081261 87.153692 87.224643 87.294157 87.361899 87.427367 
85.483175 85.443188 85.411249 85.391659 85.389589 85.410423 85.458683 85.536736 85.64375 85.775294 85.92385 86.080151 86.234983 86.380898 86.513306 86.630688 86.734009 86.825716 86.90873 86.985716 87.058706 87.129009 87.197295 87.263753 87.328259 87.39052 
85.908151 85.901952 85.896891 85.893728 85.894479 85.902493 85.921964 85.956898 86.00986 86.081024 86.16792 86.265976 86.369631 86.473582 86.573763 86.667803 86.754951 86.835655 86.911 86.982234 87.050439 87.116381 87.180482 87.24287 87.30346 87.362034 
86.351118 86.380559 86.403808 86.417884 86.421652 86.416717 86.4075 86.400231 86.401212 86.415092 86.443841 86.486706 86.540944 86.602898 86.669001 86.736427 86.803341 86.868822 86.932606 86.994795 87.055609 87.11523 87.173727 87.231039 87.286998 87.341366 
86.808662 86.877162 86.932142 86.966384 86.975147 86.958123 86.920189 86.870339 86.819179 86.77613 86.747517 86.736015 86.741213 86.760733 86.79138 86.829998 86.87396 86.921326 86.97078 87.02148 87.072876 87.124578 87.176255 87.227587 87.278248 87.327908 
87.272576 87.383771 87.474547 87.532833 87.549588 87.522113 87.455744 87.362711 87.258571 87.158018 87.071893 87.006148 86.962396 86.939247 86.93371 86.942295 86.961705 86.989161 87.022482 87.060022 87.100552 87.143139 87.187046 87.231662 87.276461 87.320979 
87.729029 87.884978 88.014429 88.100023 88.127797 88.09213 87.998644 87.863052 87.706328 87.548819 87.406013 87.287036 87.195301 87.130181 87.088752 87.067156 87.061486 87.06824 87.0845 87.107932 87.13671 87.169406 87.204894 87.242269 87.280788 87.31983 
88.159174 88.358453 88.526226 88.63995 88.680614 88.639399 88.521938 88.347242 88.141591 87.930869 87.735046 87.566221 87.429427 87.324676 87.24906 87.198386 87.168216 87.154447 87.153546 87.162606 87.179289 87.201737 87.228472 87.258313 87.290302 87.323657 
88.541666 88.778048 88.979041 89.117804 89.171011 89.126941 88.990944 88.784545 88.538329 88.282792 88.041719 87.829802 87.653544 87.5136 87.407178 87.329886 87.276925 87.243749 87.226366 87.221425 87.226184 87.238431 87.256392 87.278642 87.304031 87.331625 
88.856814 89.119312 89.343567 89.500105 89.562931 89.518386 89.371326 89.144439 88.870699 88.583449 88.309077 88.064274 87.856875 87.688297 87.556099 87.455957 87.382963 87.332354 87.299871 87.281875 87.275344 87.277808 87.287266 87.302099 87.320996 87.342892 
89.091048 89.365594 89.599983 89.764228 89.831855 89.788668 89.638935 89.404898 89.119511 88.81667 88.523781 88.258745 88.030539 87.841507 87.689861 87.571683 87.482265 87.416899 87.371277 87.34165 87.324857 87.318278 87.319763 87.32756 87.340239 87.356632 
89.239885 89.512053 89.743123 89.904656 89.971799 89.931205 89.786562 89.55824 89.27692 88.974807 88.678668 88.40671 88.168761 87.968173 87.804078 87.673284 87.571593 87.494619 87.438232 87.398757 87.373036 87.358408 87.352665 87.353982 87.36086 87.372063 
89.308189 89.565813 89.782484 89.932845 89.99516 89.957894 89.824214 89.611707 89.347226 89.059598 88.773566 88.506752 88.269418 88.065854 87.896245 87.758341 87.648695 87.563471 87.498915 87.451589 87.418471 87.39697 87.3849 87.380431 87.38204 87.388464 
